1001 Juan 15 18 14
1002 Maria 12 0 9
1003 Luis 20 12 18
1004 Ana 8 4 7
1005 Carlos 14 17 15
1006 Lucia 11 13 12
1007 Manuel 13 7 20
1008 Daniel 18 20 20
1009 Diego 16 14 15
1010 Valeria 10 9 8
1011 Andres 13 12 14
1012 Carmen 17 16 18
1013 Ricardo 9 10 8
1014 Elena 19 18 20
1015 Miguel 6 7 5
1016 Patricia 15 14 16
1017 Fernando 11 10 12
1018 Daniela 20 5 19
1019 Jorge 4 20 5
1020 Paola 14 12 13
1021 Marco 12 13 11
1022 Rosa 7 8 9
1023 Julio 16 17 18
1024 Teresa 10 11 9
1025 Hugo 18 19 17
1026 Alicia 13 14 12
1027 Bruno 6 5 7
1028 Claudia 15 16 14
1029 Ivan 9 8 10
1030 Monica 17 8 16